0001 = 0 0 128 128
0002 = 128 0 128 128
0003 = 0 128 128 128
0004 = 128 128 128 128
0005 = 256 0 128 128
0006 = 256 128 128 128
0007 = 384 0 128 128
0008 = 384 128 128 128
0009 = 0 256 128 128
0010 = 0 384 128 128
0011 = 128 256 128 128
0012 = 256 256 128 128
0013 = 128 384 128 128
0014 = 256 384 128 128
0015 = 384 256 128 128
0016 = 384 384 128 128
0017 = 512 0 128 128
0018 = 640 0 128 128
0019 = 512 128 128 128
0020 = 768 0 128 128
0021 = 640 128 128 128
0022 = 512 256 128 128
0023 = 640 256 128 128
0024 = 512 384 128 128
0025 = 768 128 128 128
0026 = 896 0 128 128
0027 = 896 128 128 128
0028 = 768 256 128 128
0029 = 640 384 128 128
0030 = 768 384 128 128
0031 = 896 256 128 128
0032 = 896 384 128 128
0033 = 0 512 128 128
0034 = 128 512 128 128
0035 = 0 640 128 128
0036 = 128 640 128 128
0037 = 0 768 128 128
0038 = 256 512 128 128
0039 = 128 768 128 128
0040 = 0 896 128 128
0041 = 256 640 128 128
0042 = 384 512 128 128
0043 = 512 512 128 128
0044 = 256 768 128 128
0045 = 128 896 128 128
0046 = 384 640 128 128
0047 = 256 896 128 128
0048 = 512 640 128 128
0049 = 384 768 128 128
0050 = 640 512 128 128
0051 = 512 768 128 128
0052 = 384 896 128 128
0053 = 768 512 128 128
0054 = 640 640 128 128
0055 = 768 640 128 128
0056 = 640 768 128 128
0057 = 512 896 128 128
0058 = 896 512 128 128
0059 = 640 896 128 128
